# t (s)	mx ()	my ()	mz ()
1.0115624846440778e-11	0.00013413945188976527	0.00010367404222111096	0.00016114101924442488
2.0440345527156312e-11	0.00026667553567342106	0.0002088677874811664	0.00014769248494420642
3.07185737909125e-11	0.0003936103069147466	0.0003114524850460428	0.00014089176075795842
4.020539395304702e-11	0.0005058204982192253	0.00040352044119870267	0.00013819694811096196
5.080490826612483e-11	0.0006252591059469797	0.0005029442696947806	0.00013777921263037645
6.102396102746879e-11	0.0007343791164345567	0.0005950958909146055	0.00013902705138945387
7.09378238055872e-11	0.0008345726824239202	0.0006808806618681194	0.0001411699364888877
8.050176454709053e-11	0.0009259743852865054	0.0007602152949955106	0.00014371555115161517
9.095953943607516e-11	0.0010200679987083087	0.000843088682052308	0.00014672614869960888
1.0101942134821056e-10	0.0011048818207492525	0.0009190062601832986	0.00014963704891502905
1.1046730650056728e-10	0.001179516628893885	0.0009869414453297265	0.00015226383945581102
1.2084146605384573e-10	0.001255956205317588	0.0010578391194308175	0.0001549498750568443
1.3033818292021688e-10	0.0013209686341582824	0.001119406133035198	0.00015719028682157046
1.4076910073614866e-10	0.001387031760339922	0.0011834434603824363	0.000159395920721378
1.5232743837497277e-10	0.001453880290570007	0.0012501316443642267	0.00016153335555839924
1.6255263584600549e-10	0.001507627522482239	0.001305508669897296	0.00016317264584859179
1.7088186055127054e-10	0.001547790529794967	0.0013481825729933573	0.00016434879360186525
1.830243242262661e-10	0.001600742919974922	0.0014066194843782294	0.00016583480410953177
1.9305585144303889e-10	0.0016396767633454542	0.0014516476177060225	0.00016688301226136634
2.0026169137350916e-10	0.0016650682854326938	0.0014822462874703756	0.00016754834537726753
2.1194756972424405e-10	0.0017018665697058658	0.0015288921341837021	0.00016849199578935548
2.2031955281691765e-10	0.001725035328497144	0.0015601343596085156	0.0001690780759552828
2.3380990011124236e-10	0.0017570683374501868	0.0016068413625130694	0.00016988885557613003
2.4347452997909146e-10	0.0017762019201425293	0.0016376789944320324	0.00017038364974519856
2.537234730906076e-10	0.0017932169315684086	0.0016681134484977198	0.00017084210883151635
2.645934773754081e-10	0.0018077762576613682	0.0016979705050666047	0.00017126406767561638
2.702684743005953e-10	0.0018140213618062547	0.0017126104289794841	0.00017146140964453008
2.8196120279755993e-10	0.001824107980777857	0.0017408311799256883	0.00017182489024019008
2.9411642815211996e-10	0.0018308442219893272	0.0017675258573963616	0.0001721487561579679
3.003719693690784e-10	0.0018329067334138325	0.001780270505642228	0.0001722966092722909
3.1324695647382147e-10	0.0018343267273230987	0.0018044987388204142	0.0001725659135804187
3.2447149763687437e-10	0.0018326490846452363	0.0018235419085016523	0.00017276651155025423
3.339107684181354e-10	0.001829273980153466	0.001838151443072595	0.0001729138102006522
3.4411107698008654e-10	0.0018237321722076926	0.0018525761877941193	0.000173053334558994
3.53181230309531e-10	0.0018172448970956933	0.0018642811807891232	0.00017316183253174026
3.632803102167437e-10	0.0018083987672868845	0.0018761432168430806	0.0001732674048224988
3.7272974451475586e-10	0.0017986630414001323	0.0018861809486124365	0.0001733526742959151
3.823051331792076e-10	0.0017874450328908265	0.0018953749514472693	0.0001734270786358206
3.9198674554521153e-10	0.00177479721528107	0.0019037220165350759	0.00017349095995825408
4.0178477338426036e-10	0.001760746391592944	0.0019112551757692658	0.0001735453210171227
4.1104407353400017e-10	0.001746378461728084	0.001917584464053928	0.00017358764902910634
4.2069546502458445e-10	0.0017303438368986063	0.001923406571209493	0.0001736234060537224
4.3101332669358356e-10	0.0017120819186849283	0.0019288107777250055	0.00017365276904754274
4.443677998290595e-10	0.0016868474396566425	0.001934642133810725	0.0001736785575186119
4.502591871538753e-10	0.0016751775548454913	0.001936822616283122	0.00017368591891200037
4.6337101214820695e-10	0.0016481110326318623	0.0019408744027056006	0.00017369442462455338
4.736311561115484e-10	0.0016259421020656786	0.0019433272567333706	0.000173693999928781
4.844569155513514e-10	0.0016016802707330528	0.0019452774597202825	0.00017368738175299424
4.91965625687726e-10	0.0015843613658878036	0.0019462754004086103	0.00017367961925804294
5.026119240211507e-10	0.0015591592581150598	0.001947222188850572	0.00017366423583339784
5.124130335859969e-10	0.0015353333533986043	0.0019476387682148882	0.00017364598571228894
5.203070020282291e-10	0.0015157332659944778	0.0019476831253288957	0.0001736285613885153
5.317089622738647e-10	0.0014868237528822613	0.001947308826788144	0.00017359963488757218
5.412792029339927e-10	0.0014620484171723712	0.0019466334661331721	0.00017357252514076663
5.552525005348011e-10	0.0014251035656692977	0.001945096067437044	0.00017352843936016936
5.610232366632441e-10	0.0014095976398880528	0.0019442872579326965	0.00017350878538359055
5.735348792819052e-10	0.0013755224105307421	0.0019422070036625885	0.00017346359067514316
5.847369921579517e-10	0.0013445184866226706	0.0019400012281975234	0.00017342057843108174
5.92999495027175e-10	0.0013213757758387672	0.0019381801327254243	0.00017338757013188156
6.038455245047864e-10	0.0012906666851735871	0.0019355666493188447	0.0001733427411336826
6.121785725311834e-10	0.001266839081674042	0.0019333978695743985	0.00017330716106563838
6.228760474786119e-10	0.0012359739860951296	0.0019304227341234012	0.00017326022038568217
6.330600000962059e-10	0.0012063239923095048	0.0019274134342569344	0.00017321460098146236
6.402220977214286e-10	0.0011853287321045886	0.001925206715023486	0.00017318198198672022
6.525530670235529e-10	0.00114892645304498	0.0019212328838694543	0.00017312501376769317
6.645414965944671e-10	0.0011132547450907568	0.0019171875150719813	0.00017306845844733377
6.708622936146e-10	0.0010943443636210262	0.0019149915547981005	0.0001730384702069596
6.802161276851485e-10	0.0010662434712594804	0.0019116679800600495	0.00017299385355664686
6.94756489305004e-10	0.0010223074667046518	0.0019063424838276905	0.00017292412087023794
7.044283957524424e-10	0.0009929305994891063	0.001902708786798941	0.00017287749871211101
7.128627058989878e-10	0.0009672226318630014	0.0018994901591050948	0.00017283665713533082
7.242341853786846e-10	0.000932446182597021	0.0018950821944948204	0.0001727818123951658
7.327151445001091e-10	0.0009064310183622053	0.0018917508808560276	0.00017274092362996648
7.416211921303084e-10	0.0008790481449865492	0.0018882217533641296	0.00017269805295116252
7.519537829707439e-10	0.0008472068153921212	0.0018840889916143778	0.00017264864667630535
7.610815478316584e-10	0.0008190211726297698	0.001880410937471621	0.0001726050445770045
7.722729419388456e-10	0.0007844006810891025	0.0018758751866222703	0.00017255206377939618
7.800470203347411e-10	0.000760316797285117	0.001872707522421113	0.00017251535118929223
7.903104917358962e-10	0.0007284854716355501	0.0018685185120757262	0.0001724672307988571
8.010672366474089e-10	0.0006950882454846844	0.0018641154550610446	0.00017241727006007482
8.13323353162862e-10	0.0006570015286148551	0.0018590944185090854	0.00017236090349339204
8.25364284722519e-10	0.0006195581786518094	0.0018541628511998473	0.0001723063654779516
8.333774957008081e-10	0.0005946322646963899	0.001850887031141983	0.00017227014836624873
8.418380728380479e-10	0.0005683108476212468	0.0018474364251795617	0.0001722323976309233
8.529471043065219e-10	0.0005337510875760343	0.001842912754565515	0.00017218321550105715
8.62083609184319e-10	0.0005053322868346291	0.0018392065761249406	0.00017214355363475586
8.716862332818618e-10	0.0004754716439458883	0.0018353274993165756	0.00017210220478246972
8.8198866236854e-10	0.0004434484029956109	0.0018311858661440225	0.00017205831955265392
8.902366015621204e-10	0.0004178258935965989	0.001827887773152316	0.00017202360067325928
9.00683078782459e-10	0.00038539329311013625	0.001823730850931956	0.000171980246313159
9.109504055360339e-10	0.0003535438471076132	0.0018196769882190345	0.0001719384137795765
9.236709871936782e-10	0.00031412627525230497	0.0018146889835604849	0.0001718871671563722
9.300511463148645e-10	0.00029437424113849353	0.001812208760249604	0.00017186196854054249
9.429394453546789e-10	0.0002545186663765719	0.001807226984462383	0.00017181145333783514
9.544464322411081e-10	0.00021898606988202305	0.001802828646289617	0.00017176703723830383
9.623638175829156e-10	0.00019456997960717358	0.00179981991268418	0.0001717370254037201
9.71547898928461e-10	0.00016627830446697687	0.001796362134082047	0.00017170270762588834
9.821474647493988e-10	0.00013367478752632835	0.0017924075558030314	0.0001716635412379882
9.908540725117183e-10	0.00010693282725965981	0.0017891851530356523	0.0001716319839826771
1.0020282573648456e-09	7.266582416689609e-05	0.0017850873107160764	0.00017159203898586088
1.0108004029944678e-09	4.5805987229173884e-05	0.0017819007711472568	0.00017156109517999882
1.0251855893632521e-09	1.8486535088864535e-06	0.001776737225569444	0.00017151119342674048
1.0347130740564816e-09	-2.7204642716500876e-05	0.0017733570247284048	0.00017147909350460907
1.0438055851885864e-09	-5.48852750170363e-05	0.0017701618024904603	0.000171448597988729
1.0541766763152237e-09	-8.640208985292308e-05	0.0017665505671492293	0.00017141440997904992
1.063007559078154e-09	-0.00011318963413249709	0.001763507102867293	0.00017138571942020256
1.0723697505585273e-09	-0.0001415393982166758	0.0017603092380778754	0.00017135581375956195
1.0833365784655355e-09	-0.00017468218441144814	0.0017566034371446543	0.00017132142519910145
1.09099708407858e-09	-0.0001977904476493671	0.0017540411059844404	0.00017129771301847515
1.1016637375346478e-09	-0.00022990754636534742	0.0017505040508381238	0.00017126529457451447
1.111854167707619e-09	-0.00026052537462787815	0.0017471619782397634	0.0001712348698412631
1.1245411088938688e-09	-0.00029855357785795307	0.0017430499793944405	0.00017119747301908136
1.1306343817870856e-09	-0.00031678284168557485	0.0017410944913045833	0.00017117993072425982
1.1406491456501472e-09	-0.00034669048423979586	0.001737906064198997	0.00017115138173066994
1.152821836994133e-09	-0.0003829578516090351	0.001734073798302436	0.0001711171701267813
1.1639462365698819e-09	-0.00041601772775134895	0.0017306145096708898	0.00017108673359642515
1.1726289572530027e-09	-0.00044176448425800076	0.0017279425126245555	0.00017106329274920904
1.183084070423731e-09	-0.000472704798177049	0.0017247514429674967	0.00017103545158190652
1.1929959652662101e-09	-0.0005019687906939714	0.0017217602634539862	0.00017100953334268462
1.2005073031423526e-09	-0.000524102707453141	0.0017195118296580035	0.0001709901389024112
1.2128176518744786e-09	-0.0005602978293526512	0.0017158641648571833	0.00017095877040077673
1.2244819207554196e-09	-0.00059450018431117	0.0017124448920050822	0.00017092999726219587
1.2308823822859366e-09	-0.0006132292678745005	0.0017105851020292747	0.00017091453125781724
1.2404853531819776e-09	-0.0006412785361054889	0.0017078160855931543	0.00017089124377296335
1.2544770934008967e-09	-0.0006820362118764308	0.0017038254553619029	0.00017085782257509556
1.2600203422329265e-09	-0.0006981468100607509	0.0017022576673238375	0.0001708448929482466
1.2727705766582402e-09	-0.0007351276191392217	0.0016986804076443995	0.0001708157423023125
1.283914490301316e-09	-0.0007673587722643039	0.001695591453726396	0.00017079073244015937
1.2918906265848094e-09	-0.0007903754427806397	0.0016933922846400127	0.0001707730249858708
1.303091045708979e-09	-0.0008226262734765103	0.0016903367401227723	0.00017074871115290027
1.3111396073610835e-09	-0.0008457492595012064	0.0016881555026356688	0.0001707313930030697
1.3218521461297317e-09	-0.0008764572176443265	0.0016852754990376913	0.00017070876615608404
1.3308253718579077e-09	-0.000902120828156424	0.0016828802148812928	0.0001706900441507836
1.3405042357005523e-09	-0.0009297413424109537	0.001680315807430636	0.00017067018962342334
1.3510050746716866e-09	-0.0009596354890772958	0.0016775564174320234	0.00017064903741453633
1.3634685955219424e-09	-0.0009950211408345905	0.001674304946598444	0.00017062449943657478
1.3740363702206737e-09	-0.0010249443555671333	0.001671575190927062	0.00017060416122791823
1.3830442965721397e-09	-0.001050389861205888	0.0016692584283001402	0.0001705870436288691
1.3942123402058925e-09	-0.0010818631211308933	0.0016664114565955726	0.0001705661981447066
1.4023142092010552e-09	-0.0011046435192325107	0.0016643525314909236	0.00017055127480714827
1.4115326136671787e-09	-0.0011305101343238207	0.0016620278412095835	0.00017053453471545238
1.4220465545098443e-09	-0.0011599403244530134	0.0016593920848691616	0.00017051564755068486
1.4302203252288713e-09	-0.001182771874800997	0.0016573539226689415	0.00017050118430021331
1.441325942953256e-09	-0.0012137212488965235	0.0016545969864681252	0.00017048191962809256
1.4501847526074397e-09	-0.0012383485073470995	0.0016524112188927825	0.00017046677214554323
1.4607766121720154e-09	-0.0012677270733457344	0.0016498094382141537	0.00017044904109704507
1.470029187139668e-09	-0.0012933310376960177	0.0016475500567049264	0.00017043366946950473
1.4843145189920021e-09	-0.0013327493173776136	0.0016440762340402802	0.00017041054714411793
1.4932955034445875e-09	-0.0013574618924900252	0.0016419063217737743	0.00017039629624153254
1.5033470497207427e-09	-0.0013850591900423299	0.0016394853671173543	0.00017038059429505813
1.5132795239438608e-09	-0.0014122649180924713	0.0016371023519499363	0.00017036525805883218
1.5211821189156874e-09	-0.0014338623969026663	0.0016352153814446944	0.0001703531424322137
1.5330375039997156e-09	-0.0014661895784607326	0.0016323923814570585	0.00017033534060108678
1.5401899230495017e-09	-0.0014856485724915804	0.0016306928433527078	0.00017032481758361481
1.5516620733888898e-09	-0.0015167887765541767	0.0016279779992217792	0.00017030818366586204
1.5601898048913027e-09	-0.0015398842989189235	0.0016259653187679036	0.0001702959972566148
1.570090155356864e-09	-0.0015666355081157466	0.0016236360983983246	0.00017028207667296353
1.5833088425447237e-09	-0.0016022559694467656	0.0016205329879545739	0.00017026369678370198
1.5946125657644238e-09	-0.001632628701060196	0.0016178870389156144	0.00017024843133010479
1.6036670393724906e-09	-0.0016568984600472403	0.0016157739415057733	0.00017023632750059103
1.6128779819154178e-09	-0.0016815328911375283	0.0016136263021731094	0.00017022420007686774
1.6238423088126228e-09	-0.0017107885784926789	0.0016110749187261398	0.00017020992558007281
1.631851837986675e-09	-0.0017321111375728667	0.0016092172050407754	0.00017019985085258284
1.6415116428378616e-09	-0.0017577731436787128	0.0016069755663771512	0.00017018772342885954
1.6517174188039961e-09	-0.001784822300554092	0.001604609727794306	0.00017017519490357343
1.6664161016268375e-09	-0.001823663088362047	0.0016012091415561914	0.00017015716892745554
1.671049769624317e-09	-0.0018358797925743869	0.0016001364544119192	0.00017015169507083333
1.6847931384003039e-09	-0.0018720349930712906	0.001596960673802667	0.0001701355448343769
1.6904470644710504e-09	-0.0018868746183740414	0.0015956558196361435	0.0001701289266585902
1.7033910525684293e-09	-0.0019207744011889272	0.001592667093920429	0.00017011434543707073
1.7138711618447e-09	-0.001948144250560896	0.0015902508581059245	0.00017010240676702405
1.7231165302371661e-09	-0.001972233938540438	0.001588114732747535	0.0001700922140684862
1.7329400491943476e-09	-0.001997774198524859	0.001585849688628009	0.00017008147870312801
1.7427736970733073e-09	-0.0020232793503254286	0.0015835799256665674	0.00017007095568565605
1.751038927351341e-09	-0.002044671370758615	0.001581671154111675	0.0001700623673933695
1.7624424970113223e-09	-0.002074117888080836	0.0015790354921480917	0.0001700504995059516
1.7747366847158651e-09	-0.0021057743334490075	0.0015761943718074994	0.0001700379591835607
1.781414259607617e-09	-0.002122930343871327	0.0015746482904422465	0.00017003112865988774
1.794080746076104e-09	-0.0021554005063394387	0.00157171619082952	0.00017001861193170637
1.8061437468146109e-09	-0.0021862326644017794	0.0015689207488786717	0.00017000687381244116
1.8127635044130188e-09	-0.0022031146044856364	0.001567382595167837	0.00017000052697006458
1.823990242323221e-09	-0.0022316871922850737	0.0015647755293862625	0.00016998981519891597
1.833621251086041e-09	-0.0022561379660480034	0.0015625335132152852	0.00016998084939927617
1.8422907597500605e-09	-0.002278100966352987	0.0015605129051069913	0.00016997286275933387
1.8530813752067298e-09	-0.0023053753063645827	0.0015579957804523297	0.00016996313014788279
1.8621539868837844e-09	-0.0023282524407254716	0.0015558737172428488	0.00016995517889925487
1.8704954252032125e-09	-0.0023492443033642082	0.0015539224761107154	0.0001699478528971808
1.881041544257605e-09	-0.00237572531167294	0.0015514476322796185	0.00016993855677860687
1.890120128836282e-09	-0.00239846918593813	0.0015493146213568932	0.00016993074709523645
1.90134494478969e-09	-0.0024265221348658125	0.0015466724473914661	0.00016992125042588114
1.9132397701757117e-09	-0.002456171373636731	0.0015438645476979606	0.00016991130546654384
1.9256500897696774e-09	-0.0024870169332101124	0.0015409284842580247	0.00016990136050720658
1.9323947982225006e-09	-0.002503742018988692	0.0015393288912254482	0.0001698959928245275
1.943805991111288e-09	-0.0025319820228099123	0.0015366184828059203	0.00016988692085094458
1.952651748149787e-09	-0.002553819879427292	0.0015345100098611564	0.00016988010212437644
1.9622280605766956e-09	-0.002577411635207892	0.0015322245803445547	0.00016987266994835922
1.9731503166897313e-09	-0.0026042548618220706	0.0015296088318938555	0.00016986455354026426
1.9805556183775493e-09	-0.0026224154193114	0.0015278328485504706	0.00016985897350969896
1.991523145904502e-09	-0.0026492543045910167	0.0015251933171365163	0.0001698508217102896
2.0002620798435595e-09	-0.002670591208950628	0.0015230880530042552	0.00016984439228817953
2.0104146024383528e-09	-0.0026953241694601155	0.0015206320845408208	0.00016983716066294374
2.020599901781749e-09	-0.002720079214149768	0.0015181625258126692	0.00016982996442902232
2.0335076707677354e-09	-0.00275136796735587	0.0015150226084019766	0.00016982099862938255
2.0401671846591244e-09	-0.0027674729973067294	0.00151339668423151	0.00016981639775851475
2.052119703579402e-09	-0.0027963172016468333	0.0015104719460121722	0.00016980834033594372
2.0631820068706434e-09	-0.002822941851503478	0.0015077575737654353	0.00016980100253676488
2.0719321348915223e-09	-0.0028439520232488476	0.0015056015348941614	0.00016979532812936126
2.082952423968007e-09	-0.0028703563975648687	0.0015028788574856528	0.00016978834424332605
2.0917828277924625e-09	-0.002891463022438995	0.0015006929011566336	0.0001697826344446081
2.100043096132646e-09	-0.0029111681512641644	0.0014986402993001514	0.0001697773611387673
2.1108823746832465e-09	-0.002936969080076008	0.0014959412161012213	0.00016977074296298055
2.125280100917135e-09	-0.00297114047943156	0.0014923394184438218	0.00016976182435175994
2.131104668696729e-09	-0.002984931389306971	0.0014908778043488593	0.00016975829701742796
2.1429196345253042e-09	-0.003012850134370571	0.0014879063495945562	0.00016975133672560234
2.155023561883793e-09	-0.0030413740237214383	0.0014848466524964299	0.00016974431744825276
2.162448211913337e-09	-0.003058829397474889	0.001482963834572074	0.0001697400233021095
2.1734627281900515e-09	-0.0030846726071102975	0.0014801661275771062	0.00016973366466262811
2.1824978541933962e-09	-0.0031058226453300475	0.0014778603126634287	0.00016972858011046396
2.192004779889778e-09	-0.003128028949124204	0.0014754304865842072	0.00016972343657277588
2.2026832639599735e-09	-0.0031529134788360227	0.0014726909157216402	0.00016971756161459088
2.210436977401541e-09	-0.003170943985042156	0.0014706937130692485	0.0001697134562221242
2.221175561874835e-09	-0.0031958632454304743	0.0014679209215595955	0.00016970765204656792
2.234698326912919e-09	-0.0032271548299417255	0.0014644123682184497	0.00016970052659527523
2.2401986555077537e-09	-0.0032398553098272613	0.0014629846354084416	0.00016969770708723063
2.2501841023703703e-09	-0.003262870800633118	0.0014603800234246635	0.00016969264612927607
2.2633419410186863e-09	-0.0032931174447905615	0.0014569367788556309	0.0001696859217795462
2.27358820435851e-09	-0.003316608594861518	0.0014542425088754545	0.00016968083722738208
2.2816945244066336e-09	-0.0033351536435901378	0.0014521041184729453	0.00016967675542912502
2.2929104263953344e-09	-0.003360756192287846	0.001449140402619384	0.0001696711164130358
2.3016424330334283e-09	-0.003380644034671991	0.001446822035586211	0.00016966691664373082
2.3125190107062134e-09	-0.0034053594410895513	0.0014439281585930015	0.00016966190287419543
2.3215786489630168e-09	-0.0034259011262095327	0.00144150616579136	0.00016965762052515693
2.335991374604927e-09	-0.0034584886934645063	0.0014376403017403588	0.00016965114391462768
2.34050716004526e-09	-0.0034686787494509004	0.0014364286918900893	0.00016964910301549914
2.354893179900274e-09	-0.003501066992823356	0.0014325454625008388	0.00016964241405708366
2.3604464512834267e-09	-0.003513540213282232	0.0014310410013212817	0.00016963979509982045
2.3727284832511612e-09	-0.0035410737120918365	0.0014277068563773394	0.0001696345099968749
2.384578344089252e-09	-0.0035675641580843994	0.0014244768090860573	0.00016962946083602513
2.3919023481597704e-09	-0.003583901166303834	0.0014224716787792468	0.00016962629921194163
2.4032243280991877e-09	-0.0036091031796997397	0.0014193657370303468	0.00016962147419608283
2.4118282257197305e-09	-0.003628211469399414	0.0014169985771717657	0.00016961778170228382
2.4217068986265627e-09	-0.003650103498321986	0.0014142737290959758	0.00016961354654166448
2.4312860344814558e-09	-0.0036712865684351463	0.0014116200411562743	0.00016960958271445534
2.446233422996855e-09	-0.003704245602925722	0.0014074643458348126	0.00016960363697364158
2.450810605510943e-09	-0.003714316744095841	0.001406187521589268	0.00016960176123398008
2.464501068384752e-09	-0.0037443761446060704	0.0014023582757515328	0.0001695964053484058
2.4700490568451833e-09	-0.0037565318813808594	0.0014008026623256098	0.00016959424647822936
2.483329097279983e-09	-0.003785564461890237	0.0013970660001662602	0.00016958899676659816
2.493209495659308e-09	-0.0038071076740184015	0.001394275088303651	0.00016958517450464647
2.503354839807455e-09	-0.0038291786414264162	0.001391400275431781	0.00016958129325717083
2.511208421922309e-09	-0.0038462280060214417	0.0013891700563655929	0.00016957840296649747
2.5226458949677716e-09	-0.0038710057011522897	0.0013859084872103137	0.00016957415600877336
2.5314721005920537e-09	-0.003890081902726937	0.0013833845674232936	0.00016957090000785155
2.5417487103513488e-09	-0.003912244981929145	0.0013804386887921734	0.0001695669951661663
2.5515145142498303e-09	-0.003933257418718635	0.0013776289015619014	0.00016956350322314871
2.5650995487634502e-09	-0.003962412311610467	0.001373709620220415	0.00016955848945361332
2.5715040780517763e-09	-0.00397612639873949	0.0013718564366232895	0.00016955624800370336
2.583156285720326e-09	-0.00400102376370132	0.0013684735932307773	0.00016955211901702714
2.594351275700147e-09	-0.00402488411596376	0.001365213439728073	0.00016954814339271317
2.602938113304612e-09	-0.004043144524148025	0.0013627045258583447	0.0001695451705223063
2.614402013750327e-09	-0.004067467322918202	0.0013593447104143811	0.00016954133646324983
2.6215632536911475e-09	-0.004082630283269015	0.0013572400125431501	0.00016953885907124408
2.6329188133592896e-09	-0.004106622008090387	0.0013538952030164783	0.00016953503680929239
2.6419078518285516e-09	-0.004125570989686989	0.001351241515076777	0.00016953204034467594
2.6511697138059533e-09	-0.004145054521695798	0.0013484968478649413	0.00016952894950322117
2.6621857573534146e-09	-0.004168175714560566	0.0013452206502997234	0.00016952533958915567
2.67004699255189e-09	-0.004184641075280106	0.0013428804822169002	0.00016952273242899725
2.6865951367721697e-09	-0.00421920187347054	0.00133793560777346	0.0001695175652970996
2.6900511979005137e-09	-0.004226403958755926	0.0013368981231898789	0.00016951649176056378
2.7046238606071683e-09	-0.0042567102490751844	0.0013325213973130864	0.00016951178471575286
2.7137864309090827e-09	-0.004275714724252713	0.0013297583266177794	0.00016950896520770826
2.722983488846202e-09	-0.0042947516650626225	0.0013269776074537082	0.00016950601593151098
2.7339165744340655e-09	-0.004317330002353411	0.001323664886052063	0.00016950257117691252
2.7418186389126294e-09	-0.0043336130270213305	0.0013212647886769104	0.0001695000701906972
2.7518961440578136e-09	-0.004354339690744406	0.0013181959370254677	0.0001694969085666137
2.7615169705871065e-09	-0.004374080305260782	0.0013152573254108977	0.0001694938413193685
2.77116008779568e-09	-0.004393827337402162	0.001312305029154772	0.00016949096282579991
2.7806620455505624e-09	-0.004413241030550619	0.0013093886904740441	0.00016948801354960266
2.7949439901369642e-09	-0.004442343449920349	0.0013049929948527506	0.0001694837194034594
2.800442681144022e-09	-0.004453523330186975	0.0013032984587208305	0.00016948220937404635
2.8129212500135056e-09	-0.004478843125877097	0.001299436369743362	0.00016947854047445692
2.824498562500933e-09	-0.00450227123222006	0.0012958444816539853	0.00016947534345905906
2.8319006561307516e-09	-0.004517219013379519	0.0012935443293506067	0.00016947303122652037
2.843457260826747e-09	-0.004540505176957659	0.0012899418710553387	0.0001694697280371794
2.8514380309003306e-09	-0.004556551882022441	0.001287446075566136	0.000169467345022012
2.862136942043151e-09	-0.004578018460157895	0.001284096075313357	0.00016946418339792847
2.8711075260637324e-09	-0.004595976107444851	0.0012812807198496247	0.00016946156444066528
2.8808437169158916e-09	-0.00461542604129922	0.0012782163982864212	0.0001694587095413063
2.8912844257219344e-09	-0.004636238021684131	0.0012749234016439833	0.0001694558664390521
2.903841868214843e-09	-0.00466120484799896	0.0012709525905487777	0.00016945249246708236
2.9101349083245617e-09	-0.00467368788364902	0.00126895850233205	0.00016945072290136399
2.9231693280417405e-09	-0.004699491643766014	0.0012648187566962632	0.00016944705400177455
2.9334285815304175e-09	-0.004719747933326935	0.0012615524686990685	0.00016944408113136767
2.942551505034989e-09	-0.0047377210584153735	0.001258640282599226	0.0001694415683480476
2.9532942547334686e-09	-0.0047588403297858335	0.001255204116293067	0.00016943860727474546
2.9619542305735854e-09	-0.004775826650652865	0.0012524263228109833	0.00016943624785378762
2.970702315079814e-09	-0.004792952649240601	0.0012496174793490944	0.00016943374686757235
2.9812727708431623e-09	-0.004813601546448907	0.0012462142505595066	0.0001694307386058511
2.995841348432895e-09	-0.00484198179425186	0.001241513906504137	0.00016942683376416586
3.000400743517219e-09	-0.004850842646847446	0.0012400367202308527	0.0001694255124884295
3.0145236330095803e-09	-0.004878237600458407	0.0012354630298925	0.00016942170202358258
3.024951153272522e-09	-0.004898408950864844	0.0012320737688749825	0.00016941900048658584
3.032875813604023e-09	-0.00491370668134077	0.0012294944498838724	0.00016941690060193337
3.0436444063039077e-09	-0.004934452220431509	0.0012259804226861044	0.00016941395132573605
3.05226125705319e-09	-0.0049510157330628956	0.0012231659166139167	0.0001694116154989878
3.062636124041057e-09	-0.004970914900667638	0.001219765141622125	0.00016940874880252402
3.0727339791135117e-09	-0.004990240257095434	0.001216455062771953	0.00016940609445394647
3.0801148078253332e-09	-0.00500433864671007	0.0012140314655640601	0.0001694041833229706
3.092461586861263e-09	-0.005027867925023705	0.0012099646732242895	0.00016940096271336315
3.104112813632619e-09	-0.005050014771409724	0.001206120043961909	0.00016939802523427067
3.110667386637345e-09	-0.0050624460885523885	0.0012039502260722415	0.00016939626746565706
3.124246128212481e-09	-0.0050881449016251775	0.001199453358480276	0.00016939264575448676
3.1346004417353705e-09	-0.005107688457303154	0.0011960144552458057	0.00016938993242038525
3.144160506395742e-09	-0.005125694048023973	0.0011928373533608171	0.00016938738424575076
3.1522182654669965e-09	-0.005140839265529183	0.0011901511997887359	0.00016938515459294563
3.162754630683041e-09	-0.005160601775472048	0.0011866354738078785	0.00016938245305594892
3.1722135730938066e-09	-0.005178304982802909	0.0011834702634045174	0.00016937998746104798
3.1823595884499626e-09	-0.005197251321848038	0.0011800732634862584	0.00016937723873563205
3.190937605619024e-09	-0.005213237248228946	0.001177195619309239	0.00016937510345966524
3.2009149977254678e-09	-0.005231791357134042	0.0011738445809112387	0.00016937256708213553
3.211382943959307e-09	-0.0052512126004295645	0.0011703199835075796	0.00016937005429881546
3.2241142460960413e-09	-0.005274773589360874	0.0011660228173054855	0.00016936664493553136
3.230527948536785e-09	-0.005286617127554522	0.0011638561138514823	0.0001693649697466513
3.243094977230488e-09	-0.0053097738061104955	0.001159603682270749	0.0001693615603833672
3.2536210667212407e-09	-0.00532912105796478	0.0011560347277530824	0.00016935887064347527
3.2623413649732232e-09	-0.00534511528950746	0.0011530741263351854	0.00016935659380225098
3.272728414420822e-09	-0.005364122407236462	0.0011495404687550483	0.00016935380968552071
3.2817940893616576e-09	-0.005380678369720784	0.001146452836112781	0.000169351556438506
3.2925608503731084e-09	-0.005400297426869411	0.001142778651420395	0.00016934868974204223
3.301281536969428e-09	-0.005416151225676681	0.0011397987027506435	0.00016934638930660834
3.3163632194020677e-09	-0.005443499368375837	0.0011346364784485673	0.00016934256704465662
3.3205375143753438e-09	-0.0054510506479629834	0.0011332049705650269	0.00016934148171101604
3.3350826082136574e-09	-0.005477313457021534	0.0011282107370351486	0.00016933788359405533
3.3441260575472853e-09	-0.005493598746733572	0.0011250995101833032	0.00016933552417309748
3.3538322625302333e-09	-0.005511041851498042	0.0011217572488312658	0.00016933302318688216
3.364174978272148e-09	-0.0055295865227193075	0.0011181879168062462	0.00016933023907015192
3.372075662024005e-09	-0.005543722663069269	0.0011154596711642772	0.0001693283043449665
3.3830302217731127e-09	-0.005563283584085496	0.0011116717623817233	0.0001693254494456075
3.391415536684693e-09	-0.005578223437590536	0.0011087666545447545	0.00016932318440148798
3.401947224913924e-09	-0.0055969481798193044	0.0011051135158873125	0.00016932055364712
3.412213725000206e-09	-0.005615159512047646	0.0011015471095442806	0.0001693179936753807
3.4246871759500926e-09	-0.0056372293469336004	0.0010972087006638433	0.00016931471408024933
3.4317566114431578e-09	-0.005649710117539542	0.0010947459370680504	0.0001693129209203214
3.443451325909387e-09	-0.0056703133363581034	0.0010906664982319458	0.00016930979468755223
3.4546821521376574e-09	-0.005690047533249473	0.0010867411767728073	0.00016930695158529803
3.4637088879514455e-09	-0.005705873396512602	0.001083583988400703	0.00016930461575854978
3.4736481954903483e-09	-0.005723262895232909	0.0010801042199952429	0.00016930199680128657
3.4835676537332364e-09	-0.005740578780019333	0.0010766247347202978	0.0001692992362787659
3.4916391069242175e-09	-0.005754639418898643	0.0010737901263815494	0.00016929706561148467
3.503222757644582e-09	-0.005774773018569756	0.0010697188039535397	0.00016929416352370655
3.5105251696754024e-09	-0.0057874406553155575	0.0010671511876903803	0.00016929229958114988
3.5221410048477543e-09	-0.005807547074457237	0.001063056176675954	0.00016928931491363817
3.5302087544066773e-09	-0.005821481248373207	0.0010602121306533742	0.00016928706166662345
3.540675529693264e-09	-0.005839520059741113	0.001056514729258763	0.00016928427754989318
3.554602939236497e-09	-0.005863457801010969	0.0010515875976609258	0.00016928050247636066
3.564642094193793e-09	-0.005880666851216422	0.0010480352534668026	0.000169277966098831
3.5740387080620813e-09	-0.005896739604288577	0.0010447038454511714	0.000169275559489454
3.5826350602167638e-09	-0.005911413315109573	0.0010416505659780503	0.00016927331803954403
3.5941817723551403e-09	-0.005931079183170005	0.0010375474385555291	0.0001692703097778228
3.602095873917624e-09	-0.005944527505122337	0.0010347336874980478	0.00016926809192212243
3.6115261257321957e-09	-0.005960521736665017	0.0010313778358812934	0.00016926569710985022
3.621755695369958e-09	-0.005977833846377906	0.0010277297935731202	0.00016926293658732955
3.630238532704512e-09	-0.005992159872926555	0.0010247028452378887	0.00016926063615189566
3.640973411527682e-09	-0.006010248137757736	0.0010208687861813996	0.00016925794641200372
3.6555452055050143e-09	-0.006034733264689813	0.0010156572971697236	0.00016925408875873764
3.6600134847000595e-09	-0.006042226030637204	0.0010140596860507512	0.00016925290904825873
3.67435553713319e-09	-0.006066223040561523	0.0010089193571751636	0.00016924912217762138
3.684662674217431e-09	-0.006083420388039024	0.0010052199738669477	0.00016924630266957678
3.692335157768139e-09	-0.006096197501917269	0.001002467190247017	0.00016924421458202907
3.7037831149775815e-09	-0.006115219342433049	0.0009983512275744853	0.00016924110014636474
3.711720728874008e-09	-0.006128379626274848	0.0009954953844471162	0.00016923885869645478
3.722476386414982e-09	-0.00614617456789255	0.0009916259340762594	0.00016923593301446707
3.731447213463013e-09	-0.0061609826713313045	0.0009883897522904865	0.00016923345562246133
3.741123720735083e-09	-0.006176924051844529	0.0009848991305486203	0.00016923095463624603
3.751642433340379e-09	-0.0061942120010868105	0.0009811010290675286	0.00016922831208477325
3.764100279838808e-09	-0.00621463514889787	0.0009766007639093837	0.00016922498530122268
3.77032304524491e-09	-0.006224813879663667	0.0009743479887788385	0.00016922331011234263
3.7835898063780416e-09	-0.0062464695889831	0.0009695447739697071	0.00016921960582143883
3.794989693154097e-09	-0.0062650252079176115	0.0009654150322787814	0.0001692165621684032
3.802920277122985e-09	-0.006277906136318002	0.0009625367274638936	0.0001692143679069124
3.812106071054617e-09	-0.006292796158852412	0.0009592029600273047	0.00016921200848595455
3.82274569136928e-09	-0.006310004454043158	0.0009553345478016693	0.0001692090120213381
3.830823957162708e-09	-0.006323042047995149	0.0009523993337532785	0.00016920678236853297
3.8419858275897054e-09	-0.006341018193142415	0.000948337354632262	0.00016920366793286861
3.850909680611999e-09	-0.006355357432448427	0.0009450858837986824	0.0001692012849177012
3.8612399265018884e-09	-0.0063719194350504	0.0009413238342698264	0.00016919837103281825
3.870738937434066e-09	-0.006387114861033594	0.0009378577505059218	0.0001691958228581838
3.884752874510944e-09	-0.006409473866552141	0.000932742337115649	0.00016919191801649858
3.893995432984639e-09	-0.0064241815530349305	0.0009293661001018189	0.0001691893580447593
3.9039636065054824e-09	-0.006440007416298058	0.0009257215497366633	0.00016918666830486735
3.913576572433576e-09	-0.006455237572957751	0.0009222058237558056	0.00016918396676787064
3.921938444230515e-09	-0.0064684578804687165	0.0009191432009756917	0.00016918166633243676
3.933535173916203e-09	-0.006486749621763302	0.0009148939782074608	0.0001691785636938772
3.940590032625396e-09	-0.006497857398125458	0.0009123067315619323	0.00016917654638895824
3.952314132032325e-09	-0.006516270696787791	0.0009080052240252758	0.00016917338476487475
3.960534968243683e-09	-0.006529155777769069	0.0009049872414896842	0.00016917097815549774
3.970675908154333e-09	-0.006545015616693989	0.0009012644527255665	0.00016916824122718664
3.980385637034527e-09	-0.006560167251824204	0.0008976928556564273	0.00016916552789308516
3.994984310297493e-09	-0.00658288337929893	0.0008923224360490312	0.0001691612337469419
4.004461013665077e-09	-0.006597589555752306	0.0008888347399891529	0.00016915849681863079
4.013268084696307e-09	-0.006611228896425385	0.0008855913855636683	0.0001691560666150442
4.024107483411113e-09	-0.00662797663264516	0.0008815959421136628	0.00016915296397648465
4.032877475441477e-09	-0.006641497436009317	0.0008783600434584049	0.00016915052197579328
4.041579986443612e-09	-0.006654886866814542	0.0008751518915936112	0.00016914810356931148
4.052022531812439e-09	-0.006670918849092548	0.000871295276472765	0.00016914513069890463
4.0608196375329145e-09	-0.006684396616618433	0.0008680441831465388	0.0001691427476837372
4.0711635048765446e-09	-0.006700205869558018	0.0008642223930790301	0.00016913983379885427
4.080043990800338e-09	-0.006713751588407489	0.000860937607221526	0.0001691371558560671
4.091549578185892e-09	-0.006731258869422013	0.0008566805511757153	0.00016913379368120222
4.103169874377327e-09	-0.006748894502936642	0.0008523776279864841	0.00016913045510054682
4.114571121188147e-09	-0.00676615187408331	0.0008481570014002624	0.0001691273406648825
4.123324901791609e-09	-0.0067793721815942775	0.0008449102494085985	0.00016912480428735283
4.133540055161084e-09	-0.006794765421430575	0.0008411231900175894	0.00016912192579378427
4.143640998635709e-09	-0.006809950277207878	0.0008373752970144803	0.0001691189057349582
4.15117458319142e-09	-0.006821254357393725	0.0008345804213246619	0.00016911680585030575
4.163309378240383e-09	-0.006839418501202911	0.0008300724172657754	0.00016911323132755464
4.170472223787347e-09	-0.006850117059594138	0.0008274114623095239	0.00016911109605158777
4.181684363359307e-09	-0.0068668285551080005	0.0008232434979990812	0.00016910795802171384
4.19065710794328e-09	-0.0068801726850308345	0.0008199084092867557	0.00016910543344128895
4.200118886629752e-09	-0.0068942129385130705	0.0008163883419713358	0.00016910268471587308
4.210975678958524e-09	-0.006910285691585226	0.0008123471257547481	0.00016909955848310395
4.2231163389201e-09	-0.006928212760776568	0.0008078282683594554	0.0001690958777864097
4.233818769279304e-09	-0.0069439752028043495	0.0008038403750565151	0.00016909273975653579
4.242989741633365e-09	-0.006957449950271409	0.0008004247829011083	0.00016908996743691032
4.25364743342886e-09	-0.006973072714578486	0.0007964498192250168	0.00016908694737808428
4.262029613517426e-09	-0.006985334153412187	0.0007933233977022027	0.0001690845171744977
4.271572804090508e-09	-0.006999265684776685	0.0007897643999409784	0.00016908172126066268
4.281555491174574e-09	-0.0070138057579946286	0.0007860369867117834	0.00016907878378157016
4.296625843712435e-09	-0.007035691369292195	0.0007804121271482939	0.00016907454862095082
4.300952278404637e-09	-0.00704196176642975	0.0007787949328353715	0.00016907328633073842
4.315069313002275e-09	-0.0070623735890202105	0.0007735200697767679	0.00016906889780775682
4.321144440407503e-09	-0.0070711370447186575	0.0007712496933658772	0.00016906705745940972
4.3328858621510076e-09	-0.00708804106898268	0.0007668603209927509	0.00016906360090770646
4.344198489049955e-09	-0.0071042837003638	0.0007626302567226977	0.00016906022693573673
4.353050497351563e-09	-0.007116963417344907	0.0007593174409442144	0.00016905765516689273
4.363115735670701e-09	-0.007131350222577429	0.000755552276979694	0.00016905476487621935
4.3732633680583116e-09	-0.0071458215894570805	0.0007517543642522788	0.0001690516386434502
4.380903867852628e-09	-0.007156694556245512	0.0007488921034999044	0.00016904930281670194
4.39280883978291e-09	-0.007173598580509534	0.0007444351573105456	0.00016904559852579814
4.400124510948226e-09	-0.007183962667385779	0.0007416942651722424	0.00016904340426430735
4.411392450011094e-09	-0.007199892722678405	0.0007374719869913503	0.00016904004208944244
4.420108423689348e-09	-0.007212185117115073	0.0007342056518057363	0.00016903742313217925
4.435692245409403e-09	-0.007234103949059726	0.0007283625929920658	0.00016903283405841622
4.443203840666592e-09	-0.007244639424274347	0.0007255460106294352	0.0001690306869853446
4.4544444241477115e-09	-0.007260372420728575	0.0007213294422472611	0.00016902714785390783
4.4632955686079e-09	-0.007272732766488829	0.0007180083684954253	0.0001690244581140159
4.472753623482527e-09	-0.007285911548190937	0.0007144593274906429	0.00016902162680886652
4.4836892403087784e-09	-0.007301113014291782	0.0007103542653429362	0.0001690184415905734
4.491396859624234e-09	-0.0073118055325653575	0.0007074618511907207	0.00016901611756092995
4.501545969403631e-09	-0.007325853336194658	0.0007036511504017141	0.00016901309750210391
4.511420318509522e-09	-0.007339490411823617	0.0006999436034969841	0.00016901020721143056
4.520606681134774e-09	-0.0073521482333782345	0.0006964925728387905	0.00016900734051496677
4.530461835164369e-09	-0.007365698482315946	0.0006927910188632935	0.00016900429686193117
4.5443092334020645e-09	-0.00738468483714052	0.0006875875046944549	0.00016900006170131185
4.554432081627855e-09	-0.007398526521754943	0.0006837835990378069	0.00016899698265696188
4.563103325757457e-09	-0.00741035609217652	0.0006805247668108388	0.00016899438729390824
4.5733903257320116e-09	-0.007424360104952843	0.0006766589971366762	0.00016899109590167206
4.582649260836247e-09	-0.007436936384919157	0.0006731765861797434	0.0001689882056109987
4.591711833498514e-09	-0.007449218964164641	0.0006697679779103715	0.0001689854804797924
4.6020383497161954e-09	-0.007463182961161519	0.0006658879101452045	0.0001689822952614993
4.611031264713012e-09	-0.007475316802509818	0.0006625035095348602	0.00016897952294187384
4.620268913453833e-09	-0.007487754159770136	0.0006590298756238906	0.0001689767270280388
4.630578840986565e-09	-0.007501603394531624	0.00065515391325119	0.00016897350641843136
4.643669256595484e-09	-0.007519140121119702	0.0006502273007259635	0.00016896946001148866
4.654121756603371e-09	-0.007533103363101872	0.0006462951841344664	0.0001689663691700339
4.663215153787548e-09	-0.007545224369200162	0.0006428730327887968	0.00016896346708225574
4.673049752296983e-09	-0.007558303488961012	0.00063917426293003	0.00016896050600895366
4.68316164207753e-09	-0.007571721610325083	0.0006353674315913941	0.00016895737977618453
4.691098207497575e-09	-0.007582229149995564	0.0006323808765429609	0.00016895485519575964
4.702514149843991e-09	-0.007597310568758075	0.0006280849372397649	0.00016895124528169416
4.710189645840837e-09	-0.007607428520839997	0.0006251963453495011	0.00016894894484626024
4.721356014994807e-09	-0.007622115066911004	0.000620993084101529	0.00016894541751192829
4.734479368663976e-09	-0.007639324117116456	0.0006160550047904476	0.0001689413357136712
4.745766274504858e-09	-0.0076540838996139934	0.0006118070089211148	0.00016893770220539615
4.753042594950942e-09	-0.0076635789645630465	0.0006090688537111229	0.0001689353545815431
4.764326309866647e-09	-0.007678270795736999	0.0006048208106533711	0.00016893185084142071
4.773369786054971e-09	-0.00769001731454086	0.000601418384066909	0.0001689289959420617
4.78258737755831e-09	-0.007701964667256654	0.0005979479117800227	0.0001689260466658644
4.793514696996898e-09	-0.007716094767488963	0.0005938358657462808	0.00016892270808520907
4.801580939593487e-09	-0.007726501890203478	0.0005907992909735412	0.00016892005373663152
4.811169508543115e-09	-0.0077388471356696015	0.0005871917363290046	0.00016891705727201505
4.8214012458494115e-09	-0.007751990431680505	0.0005833412085142296	0.00016891387205372199
4.836108785912185e-09	-0.007770827293593189	0.0005778052519324314	0.00016890938915390207
4.840736987256492e-09	-0.007776742078803978	0.0005760647070918333	0.00016890797350132736
4.854488549500187e-09	-0.007794276540347934	0.0005708895531629079	0.00016890364396386973
4.8601330780135215e-09	-0.007801458995250951	0.0005687656024166608	0.00016890186260104656
4.873083603778995e-09	-0.007817897930455765	0.0005638928318776921	0.00016889771002016077
4.8835500525981625e-09	-0.007831147683540285	0.0005599559020674411	0.00016889456019318204
4.892801753866514e-09	-0.007842833046152919	0.0005564748123862446	0.00016889169349671828
4.9026151454456195e-09	-0.00785519867701612	0.0005527862824144348	0.00016888848468421563
4.912449346344558e-09	-0.007867562797849904	0.0005490854362652252	0.00016888528766881772
4.9207217806580156e-09	-0.007877941985020278	0.0005459742566017988	0.0001688826097260306
4.932111860352807e-09	-0.00789219741769387	0.0005416898312728771	0.00016887895262354593
4.944413845424328e-09	-0.007907554416824255	0.0005370663099638947	0.00016887501239054635
4.951087342919405e-09	-0.007915865618713502	0.0005345556029342384	0.00016887288891168428
4.963749740106936e-09	-0.007931599370182436	0.0005297972171233059	0.0001688689486786847
4.975815182360909e-09	-0.007946546396327189	0.0005252614662739552	0.0001688649966485803
4.9824325566398525e-09	-0.007954726980672209	0.000522773975946524	0.0001688628613726135
4.993658841377168e-09	-0.007968575460418991	0.0005185564166075475	0.00016885942841511983
5.003288433540987e-09	-0.007980425416237644	0.0005149379614381856	0.00016885624319682672
5.0119585656865924e-09	-0.007991071123599418	0.0005116817245742712	0.00016885351806562044
5.022747748688976e-09	-0.008004288411051557	0.0005076285224992178	0.00016884999073128845
5.031822028492524e-09	-0.008015378822075463	0.0005042206220561335	0.00016884726560008215
5.040160068943454e-09	-0.008025548115157427	0.0005010900479524336	0.00016884451687466628
5.050706711064439e-09	-0.008038383365168076	0.0004971278723379336	0.00016884117829401094
5.065465676993601e-09	-0.008056292314006461	0.0004915909719877524	0.00016883638866946652
5.070996011477429e-09	-0.008062986274394366	0.0004895144456027578	0.00016883460730664337
5.082908360146723e-09	-0.008077375344671008	0.00048504560793177136	0.0001688307496533773
5.09530290991536e-09	-0.008092303495448098	0.00048039655768802517	0.0001688266914493298
5.102049843278082e-09	-0.008100412353396001	0.0004778646158697483	0.000168824497187839
5.113475550995639e-09	-0.008114113605275013	0.00047358023772924577	0.0001688208990708783
5.122291799591004e-09	-0.008124660405710233	0.0004702759158662106	0.00016881798518599537
5.131893186156713e-09	-0.008136120773940327	0.0004666777517170861	0.00016881489434454058
5.141533206461224e-09	-0.008147600772552792	0.0004630668938832085	0.0001688118270972954
5.150226056768967e-09	-0.008157932393796656	0.0004598076369604681	0.00016880890141530769
5.161005276026192e-09	-0.008170710262689609	0.0004557708564552812	0.0001688055038491284
5.174923509747969e-09	-0.00818716505320326	0.00045055776303735387	0.00016880086758694622
5.180642864020975e-09	-0.008193908844561794	0.00044841795698227	0.0001687991806009614
5.193310078666941e-09	-0.008208817364956515	0.0004436775971474554	0.00016879508700559952
5.203898224895279e-09	-0.008221243396996234	0.0004397149024603447	0.00016879160685968672
5.213334099640484e-09	-0.008232289262152456	0.0004361858693452849	0.00016878853961244155
5.22273417530762e-09	-0.00824327170607333	0.00043267221965487024	0.0001687855313507203
5.2329346271262345e-09	-0.008255158657612604	0.00042885580906714554	0.00016878220456716973
5.241289973700291e-09	-0.008264874941870662	0.00042573132226951695	0.00016877958560990655
5.25189430199213e-09	-0.008277177906513222	0.00042176985448130435	0.00016877602288426017
5.261450977056331e-09	-0.008288241137007693	0.0004181986821079375	0.00016877299102832936
5.275279998171517e-09	-0.008304202902917992	0.0004130352309069631	0.000168768366563252
5.2812617717034435e-09	-0.008311092412114885	0.0004108006705062124	0.0001687663846496474
5.293447165649156e-09	-0.008325094159847087	0.00040625283942155745	0.00016876238543112387
5.304329555065999e-09	-0.008337563982739783	0.00040219472975091175	0.00016875881090837276
5.310125648331077e-09	-0.00834419301186293	0.00040003099916731546	0.00016875691157450167
5.3218819082061594e-09	-0.008357610378212295	0.00039564717143343993	0.0001687530657183404
5.333014637787697e-09	-0.008370280280002217	0.000391496737620714	0.00016874939681875097
5.342376107932118e-09	-0.008380907867011034	0.00038800755512563204	0.00016874635316571537
5.35139549344375e-09	-0.008391126236048922	0.00038464828234848885	0.00016874334490399413
5.361719817206136e-09	-0.008402796498367426	0.0003808061540723237	0.00016874002991754835
5.3711060655182926e-09	-0.00841338104953797	0.00037731104943063766	0.00016873693907609358
5.385298488572001e-09	-0.00842934055040415	0.00037202924967441803	0.0001687323146110162
5.3943508271420735e-09	-0.008439490213103747	0.0003686619784602277	0.00016872942432034286
5.404444560045619e-09	-0.008450782968068997	0.00036490738470159847	0.00016872590878311568
5.414191760158586e-09	-0.008461661974975079	0.00036128911828591317	0.00016872278255034655
5.422250702316537e-09	-0.008470639854850175	0.000358291757089493	0.00016872008101334983
5.43413046555979e-09	-0.008483839776964066	0.00035387725688316556	0.00016871599921509277
5.4411238951649435e-09	-0.008491593022985203	0.00035128092646694937	0.00016871367518544927
5.4526760413322194e-09	-0.008504371646892862	0.00034699279684712384	0.0001687100652713838
5.461213787699601e-09	-0.008513794985444797	0.00034382558093594873	0.00016870730474886312
5.471045739278282e-09	-0.008524618876277304	0.00034017756222198505	0.0001687040369508365
5.480729837875596e-09	-0.008535259298536131	0.00033659046375715285	0.00016870083993543862
5.495597323772371e-09	-0.00855154345572611	0.000331079115935945	0.0001686959559340559
5.500221072370772e-09	-0.008556596014142066	0.00032936775713259523	0.00016869436332490938
5.513886441324853e-09	-0.008571497739404427	0.0003243067755838198	0.00016868990401929906
5.524801673487472e-09	-0.008583365060561331	0.0003202668806429686	0.00016868621152550003
5.532827609743049e-09	-0.008592069625112669	0.000317298139222767	0.00016868361616244638
5.542533841057486e-09	-0.008602578674812563	0.0003137086813369769	0.00016868043094415332
5.552684187481159e-09	-0.008613539978321656	0.00030995562120197023	0.00016867713955191714
5.560718187576564e-09	-0.008622196976946484	0.0003069878943327805	0.00016867448520333956
5.572023525926782e-09	-0.00863435120369186	0.00030281110578795543	0.00016867068653559747
5.580766648925144e-09	-0.008643728486346697	0.00029958426730917575	0.00016866771366519056
5.591462927975723e-09	-0.008655173754282663	0.00029563745152511126	0.00016866422172217297
5.600764374620936e-09	-0.008665103707702664	0.00029220815113393937	0.00016866101290967028
5.614871583504227e-09	-0.008680119440185709	0.0002870066896613342	0.00016865634125617376
5.62407948216104e-09	-0.008689894615590877	0.00028361226151191914	0.00016865325041471902
5.633891191806314e-09	-0.008700286638011262	0.0002800001767791434	0.0001686499826166924
5.643801408636113e-09	-0.008710757181961123	0.0002763509075720721	0.00016864683278971368
5.65198367873002e-09	-0.008719385490027105	0.0002733416077056052	0.00016864414304982174
5.663401756024829e-09	-0.00873139475394883	0.0002691435371837404	0.0001686403679762892
5.670801954686018e-09	-0.00873916083521998	0.00026642187432624376	0.00016863769003350206
5.68236802954391e-09	-0.008751272026127086	0.0002621726043695939	0.00016863397394549346
5.690521766525897e-09	-0.00875978934703121	0.0002591773430578261	0.0001686313077998111
5.7008341750481375e-09	-0.008770539246422479	0.000255392690276194	0.00016862791023363182
5.710455239508786e-09	-0.008780543191283718	0.0002518648368716131	0.0001686246306385004
5.7249904079435124e-09	-0.008795614039840338	0.00024653219159375203	0.00016861968765159374
5.7345525629973535e-09	-0.008805499447392656	0.00024302847506556984	0.00016861649063619586
5.743266688340796e-09	-0.008814491672547173	0.0002398377593216547	0.0001686135885484177
5.754103265776109e-09	-0.008825641729732894	0.00023587036938683788	0.0001686098960546187
5.7630409884464564e-09	-0.008834819688505214	0.00023260117930186495	0.00016860687599579266
5.771506467936373e-09	-0.008843494807482997	0.00022950380225104193	0.00016860392671959537
5.7820344051797565e-09	-0.008854256787109573	0.00022565709669821862	0.00016860043477657776
5.790987259036387e-09	-0.008863387934970088	0.0002223845798296951	0.00016859747370327567
5.801078075715316e-09	-0.008873656134978605	0.0002187002968156095	0.00016859400535446768
5.810089605457455e-09	-0.008882804648177372	0.00021540965959412981	0.00016859105607827036
5.821521619597475e-09	-0.00889438355371639	0.00021124155371842962	0.00016858711584527076
5.833158067892487e-09	-0.008906137622667315	0.00020699971593779692	0.0001685832463948999
5.845448371750175e-09	-0.008918513823736405	0.00020252026087250018	0.00016857930616190033
5.8528568060580245e-09	-0.008925957513727874	0.00019982292364507885	0.0001685767933785802
5.863601503494531e-09	-0.008936729308545633	0.00019591286763953754	0.00016857326604424825
5.873202911353384e-09	-0.008946330830568304	0.0001924227649702821	0.0001685700454346408
5.882164115651259e-09	-0.008955272469737485	0.00018916730671528383	0.0001685671079555483
5.892688375579859e-09	-0.008965749808819706	0.00018534152922635653	0.00016856354522990194
5.901446896125976e-09	-0.008974449843282805	0.00018216165502174265	0.0001685605369681807
5.910704495139055e-09	-0.008983625537011005	0.00017880286592589575	0.00016855743432962113
5.921864336992872e-09	-0.00899465781190251	0.0001747538636201473	0.00016855370644450776
5.934053196092343e-09	-0.009006675380986007	0.00017033714555811955	0.00016854968363177463
5.945888321220509e-09	-0.009018309402598599	0.00016605208318553922	0.0001685457080074607
5.950425458117946e-09	-0.009022762479337587	0.00016440800327080222	0.00016854410360120934
5.962785279797689e-09	-0.00903486385505351	0.0001599390358316631	0.00016853986844059002
5.974786878500847e-09	-0.009046581683298523	0.00015559619123982528	0.00016853570406259944
5.982732409993641e-09	-0.00905431982902553	0.0001527273712971882	0.00016853322667059373
5.991022035922634e-09	-0.009062378100988097	0.00014973416268165374	0.00016853044255386347
6.002339103737598e-09	-0.00907335450479132	0.00014565134987357944	0.0001685265849005974
6.011319070172737e-09	-0.00908204170400441	0.0001424093639122504	0.00016852357663887615
6.020890537310805e-09	-0.00909128006395325	0.00013895925342823036	0.00016852032063795433
6.031570739826854e-09	-0.00910156487428531	0.00013511252428119748	0.00016851675791230798
6.0438980693725435e-09	-0.009113403504883365	0.00013067627021363877	0.00016851255814300304
6.050104513234032e-09	-0.009119350000711828	0.00012844435236436085	0.0001685105054467697
6.063510428500422e-09	-0.0091321648653254	0.00012362377221697968	0.00016850599895274027
6.074709253958504e-09	-0.009142837753216606	0.00011960190325224639	0.00016850221208210292
6.082704926826529e-09	-0.009150441506325855	0.00011673244626595065	0.00016849941616826788
6.09211298733373e-09	-0.009159369555230319	0.00011335512391847994	0.00016849626634128913
6.1025136473371035e-09	-0.009169217212047312	0.00010962492657255475	0.00016849266822432845
6.11061719003047e-09	-0.009176870041112483	0.0001067218478376098	0.00016848993129601735
6.121801082152592e-09	-0.009187408536385932	0.0001027168723269346	0.0001684860854398561
6.130589410595821e-09	-0.009195672927363376	9.957008900125442e-05	0.00016848315975786834
6.141324489437974e-09	-0.009205740293459962	9.573239643649004e-05	0.00016847965601774596
6.150475575481423e-09	-0.00921430216023177	9.246311197467881e-05	0.00016847649439366246
6.164832489295943e-09	-0.00922769914118406	8.733561834910188e-05	0.000168471763754642
6.173741652619958e-09	-0.00923598769263211	8.415686486944295e-05	0.00016846875549292076
6.183806445711597e-09	-0.009245330999625156	8.056778449100615e-05	0.0001684652871441127
6.1938338899288625e-09	-0.009254616925500506	7.699418191405277e-05	0.00016846180699819989
6.20160889586531e-09	-0.009261803910491763	7.422570814475256e-05	0.00016845924702646066
6.2135097433170104e-09	-0.009272773519162628	6.999104300383168e-05	0.000168455141633994
6.220710201491148e-09	-0.00927939877321224	6.743050500354588e-05	0.00016845268783619786
6.232114655933743e-09	-0.009289864787073863	6.337835876937108e-05	0.00016844883018293178
6.240693885839368e-09	-0.009297719205065672	6.0332824095544176e-05	0.00016844579832700095
6.2505626792227496e-09	-0.009306735590690798	5.682766832057772e-05	0.0001684425777173935
6.260173036440051e-09	-0.0093154937612863	5.341936677593058e-05	0.00016843923913673815
6.275094351579299e-09	-0.009329055335444609	4.813416945353165e-05	0.00016843424896141232
6.284083532088871e-09	-0.00933719892406901	4.495181785691201e-05	0.00016843121710548152
6.293370904168197e-09	-0.009345597707664213	4.166409452031527e-05	0.00016842812626402675
6.304322128334439e-09	-0.00935547481005476	3.779502165681164e-05	0.00016842450455285647
6.312230834601953e-09	-0.00936259157867831	3.499940274939149e-05	0.00016842181481296453
6.3220635056391895e-09	-0.009371422985700342	3.152710191126295e-05	0.00016841844084099482
6.33220577859287e-09	-0.00938050807766376	2.7948922057651366e-05	0.00016841486631824368
6.340112010200372e-09	-0.00938757501531668	2.5161832456993805e-05	0.00016841229454939963
6.3515139465193085e-09	-0.00939774355338394	2.114531937783478e-05	0.0001684083071279809
6.360314074103859e-09	-0.00940557381090514	1.8048744530137406e-05	0.0001684054876199363
6.370725239378478e-09	-0.009414815190912808	1.4384846913127507e-05	0.0001684019720827091
6.3803293981206165e-09	-0.009423320431581627	1.1011488392865972e-05	0.00016839877506731124
6.394104328584276e-09	-0.009435483718503482	6.17363728407342e-06	0.0001683941152109195
6.403655736856708e-09	-0.009443894582333988	2.821442769803705e-06	0.00016839087100710244
6.4133360892621796e-09	-0.00945239755795869	-5.716405096653691e-07	0.00016838757961486626
6.422897914146742e-09	-0.009460780486245055	-3.923032820809418e-06	0.00016838417025158222
6.431667242535575e-09	-0.00946844992563377	-6.992456631834456e-06	0.000168381103004337
6.4426646436290045e-09	-0.009478044652524081	-1.0842742605961286e-05	0.00016837743410474755
6.451001015385419e-09	-0.00948530260889775	-1.3754574792659823e-05	0.00016837459100249336
6.460418412389262e-09	-0.00949348092819865	-1.7042828998972086e-05	0.00016837144117551464
6.470407187429737e-09	-0.00950213792682348	-2.0531563204071976e-05	0.00016836791384118268
6.485613962310867e-09	-0.009515278202775555	-2.5832875371612954e-05	0.00016836280569480896
6.493601356852877e-09	-0.00952215865179597	-2.8614845028792004e-05	0.0001683600215780787
6.504369795873085e-09	-0.009531415887112472	-3.2363233510302133e-05	0.00016835634088138447
6.5132292043793e-09	-0.009539013600104068	-3.54477045284858e-05	0.00016835343879360631
6.523056390396805e-09	-0.009547422953905163	-3.886086648030609e-05	0.00016835004122742704
6.533546867182725e-09	-0.009556378183339062	-4.25056291933479e-05	0.00016834640771915197
6.541125401219786e-09	-0.009562833559079711	-4.513488532903079e-05	0.00016834390673293667
6.5524179061909255e-09	-0.009572429795999437	-4.905125278563431e-05	0.00016834008447098498
6.560640508209187e-09	-0.009579402356814044	-5.189876715702215e-05	0.00016833725316583556
6.5711625280367825e-09	-0.009588303225189073	-5.5541854681183895e-05	0.0001683336904401892
6.580178863717915e-09	-0.009595913018415975	-5.8662236086345875e-05	0.00016833059959873444
6.59534821141137e-09	-0.00960867956208833	-6.390444475889297e-05	0.0001683254324668368
6.600252654338546e-09	-0.009612795902268215	-6.559560691884363e-05	0.00016832371008953758
6.612956194643777e-09	-0.00962343858957116	-6.998073233424593e-05	0.00016831947492891824
6.623377412827062e-09	-0.009632145419166618	-7.357328106149077e-05	0.00016831599478300542
6.632190473258421e-09	-0.009639488692202122	-7.66101625589548e-05	0.00016831304550680813
6.6424871774778975e-09	-0.009648052069003344	-8.015125231510915e-05	0.00016830952996958092
6.651581623261456e-09	-0.00965559768598019	-8.328140172303657e-05	0.00016830636834549745
6.66232910286743e-09	-0.009664493269252275	-8.697342363786392e-05	0.00016830266405459365
6.671040264856465e-09	-0.009671688559405303	-8.996413126718304e-05	0.00016829983274944423
6.686143496048112e-09	-0.009684122896606794	-9.514294229859299e-05	0.00016829465382044176
6.690314423658256e-09	-0.00968754915334493	-9.656890554288247e-05	0.00016829316738523834
6.704840920986072e-09	-0.009699454980251866	-0.00010154648156079828	0.00016828829518096038
6.713928855291808e-09	-0.00970688432496391	-0.00010465454678856036	0.00016828515715108647
6.723577762879594e-09	-0.00971475157820573	-0.00010795221508449439	0.00016828187755595504
6.733922510118768e-09	-0.009723168482153889	-0.00011148523562097292	0.00016827829123609915
6.741902087419263e-09	-0.009729645753321027	-0.0001142090691457508	0.0001682756958730455
6.752709005685344e-09	-0.009738397883798875	-0.00011789205447830963	0.00016827213314739918
6.761219642307929e-09	-0.00974527606777517	-0.00012079105141499752	0.000168269290045145
6.7716921123188605e-09	-0.00975371864222335	-0.00012435455567025134	0.00016826563294266035
6.781828306665302e-09	-0.009761870536009524	-0.00012779949902237374	0.00016826212920253796
6.7945620149873935e-09	-0.00977208286492976	-0.00013212648830537488	0.00016825792943323298
6.801534518610727e-09	-0.00977766242361086	-0.00013449034497461517	0.00016825566438911346
6.813136089832821e-09	-0.009786923434000894	-0.00013842545803072873	0.00016825155899664684
6.824420512539153e-09	-0.009795908109008346	-0.00014224835702608742	0.00016824750079259934
6.833362535354901e-09	-0.009803009777337767	-0.00014527388970874425	0.0001682445161250877
6.843498475072041e-09	-0.009811041623785606	-0.00014870094865000622	0.00016824115395022276
6.853264274511129e-09	-0.009818762404174364	-0.00015200189654107166	0.00016823789794930092
6.861305767177862e-09	-0.009825105282723744	-0.00015471582049782662	0.0001682351138325707
6.873171011695152e-09	-0.009834442549599136	-0.00015871808267440028	0.00016823119719378067
6.880187172578113e-09	-0.009839951136897822	-0.00016108116073472448	0.0001682287551930893
6.891827974852326e-09	-0.009849071714552448	-0.00016499862532207341	0.00016822461440930828
6.900102736110649e-09	-0.0098555391705284	-0.00016778521944432983	0.00016822174771284452
6.910289249717495e-09	-0.009863481925240872	-0.00017120753594946654	0.00016821843272639875
6.923250080333563e-09	-0.009873561371572762	-0.00017555880367412383	0.00016821397342078846
6.934603695438381e-09	-0.00988236559806536	-0.00017936794724529833	0.00016821022194146547
6.943905795206429e-09	-0.009889558623174269	-0.00018248198180808372	0.0001682070131289628
6.952841632244522e-09	-0.009896456437532931	-0.00018547344445210936	0.0001682039694759272
6.963811710917941e-09	-0.009904902032039937	-0.00018914321702730426	0.0001682002415908138
6.972196297528659e-09	-0.009911343062501162	-0.0001919446755015951	0.00016819736309724523
6.9813101539559774e-09	-0.009918329968595194	-0.0001949865117830706	0.0001681942486615809
6.991671890648509e-09	-0.00992625460295471	-0.00019844391287785035	0.0001681907449214585
7.000121388229491e-09	-0.009932700918518878	-0.00020125780550058896	0.00016818786642788995
7.01094842755122e-09	-0.009940944169084542	-0.00020486229289788047	0.0001681842211225101
7.0251110486024766e-09	-0.009951694068475812	-0.0002095727116807401	0.00016817941970086086
7.030997516261175e-09	-0.009956150165273625	-0.00021152860087216038	0.00016817746138146587
7.043027624617921e-09	-0.009965239787325282	-0.00021552059956756747	0.00016817340317741838
7.054171086392568e-09	-0.009973637060891072	-0.00021921745829535835	0.00016816966349520024
7.062928413219403e-09	-0.009980219279102415	-0.00022211721024675276	0.00016816666703058376
7.073408707552736e-09	-0.009988077472167756	-0.0002255869039247229	0.0001681631986817757
7.083131838563584e-09	-0.009995352038864968	-0.00022879861851516283	0.000168159824709806
7.090800316413153e-09	-0.01000107807039913	-0.0002313344061896009	0.00016815725294096195
7.103280466222766e-09	-0.010010370791406839	-0.000235451760920498	0.00016815312395428576
7.114552702494487e-09	-0.010018744659516726	-0.00023916900504536464	0.00016814927809812448
7.121225192617471e-09	-0.010023689250829651	-0.00024136609784130482	0.00016814710743084328
7.1305098552624325e-09	-0.010030556109585349	-0.00024442201986589864	0.00016814387502413103
7.145037924833695e-09	-0.010041270523285411	-0.0002491970631887935	0.00016813882586328124
7.150487011064155e-09	-0.010045278896362267	-0.00025098456050645277	0.00016813706809466766
7.162789531340698e-09	-0.010054313402340349	-0.00025502134101163963	0.0001681328801224675
7.174755604303301e-09	-0.010063072327950557	-0.0002589422031651678	0.00016812883371552479
7.18177324296145e-09	-0.010068198122793042	-0.0002612412229464867	0.00016812637991772862
7.193338124091071e-09	-0.0100766263519618	-0.00026502332755348436	0.00016812254585867216
7.201744799337026e-09	-0.0100827397060404	-0.0002677702598094395	0.00016811980893036106
7.211795098871821e-09	-0.01009002937303174	-0.00027104968978136943	0.00016811643495839135
7.2214022136259524e-09	-0.01009698230346398	-0.00027418486475593707	0.00016811306098642162
7.236237348724622e-09	-0.010107687656987566	-0.0002790166285586584	0.0001681079882313623
7.240919085358914e-09	-0.01011105804263742	-0.0002805403426132312	0.00016810648999905406
7.254469186729562e-09	-0.01012079169223373	-0.0002849434704105418	0.00016810199530212935
7.2654832602253844e-09	-0.010128680840902038	-0.00028852120197417135	0.00016809838538806387
7.273560339422773e-09	-0.010134453683348005	-0.00029114077268682236	0.00016809550689449529
7.2830697556061484e-09	-0.010141233715412453	-0.0002942235213277068	0.00016809218011094477
7.293333426201383e-09	-0.010148535462639097	-0.0002975460579205364	0.0001680887589505559
7.3014599251984134e-09	-0.010154304530011529	-0.0003001749719401804	0.0001680860220222448
7.3126602240480495e-09	-0.010162235204488695	-0.0003037931439790274	0.0001680822823400266
7.3214046265682685e-09	-0.010168414244846763	-0.00030661486987934605	0.00016807940384645808
7.3322408557579014e-09	-0.010176052728632512	-0.00031011094188362486	0.00016807581752660214
7.341338610831545e-09	-0.01018244996824076	-0.0003130425932063692	0.00016807263230830905
7.355709112194019e-09	-0.010192526394513825	-0.0003176677661100221	0.0001680678544808694
7.360241406456225e-09	-0.01019569745628116	-0.0003191225142899973	0.0001680662264804085
7.3746344854854155e-09	-0.010205743681965964	-0.00032374506823638693	0.00016806143685586412
7.380151711814262e-09	-0.0102095874618368	-0.00032551423285320373	0.00016805954931909786
7.3924917106285286e-09	-0.010218163673888031	-0.000329470627886357	0.00016805540853531684
7.404303632607827e-09	-0.010226346523277174	-0.0003332501371303011	0.00016805148009942203
7.411618813453581e-09	-0.010231402856766662	-0.00033558886596634036	0.000168048908330578
7.422979330441497e-09	-0.010239239154405513	-0.000339219259805749	0.00016804499169178797
7.431525221259436e-09	-0.010245119208939803	-0.0003419468448098498	0.00016804219577795293
7.441458430139141e-09	-0.010251940011798404	-0.00034511382477892916	0.00016803879821177363
7.451040804893157e-09	-0.010258503354642083	-0.0003481648392079306	0.00016803549502243266
7.46595867119593e-09	-0.010268692278106418	-0.00035291038976885245	0.00016803069360078345
7.470570447213663e-09	-0.01027183615934432	-0.00035437688786519765	0.00016802912458584648
7.484212684839221e-09	-0.010281108494954953	-0.00035870654329388116	0.00016802470067155055
7.495189736923673e-09	-0.010288549919902303	-0.00036218541511937724	0.00016802097278643716
7.503136338235216e-09	-0.010293925624612644	-0.0003647008173967396	0.00016801828304654522
7.51286632350786e-09	-0.01030049198751515	-0.00036778186725453443	0.00016801502704562343
7.523061167714461e-09	-0.01030735582621202	-0.0003710037981377218	0.00016801164127654893
7.531018074128215e-09	-0.0103127013303341	-0.0003735140332831865	0.00016800899872507612
7.542376625410944e-09	-0.01032031791869336	-0.00037709726229764786	0.0001680052118544388
7.551167480925422e-09	-0.010326194953168822	-0.00037986677421216944	0.0001680022625782415
7.561648365646829e-09	-0.0103331871443658	-0.00038316717943641463	0.0001679987706352239
7.571176078629687e-09	-0.010339529267900473	-0.00038616329013972715	0.00016799553822851167
7.585032394989852e-09	-0.01034872534702575	-0.0003905134489365343	0.00016799086657501514
7.59450518865657e-09	-0.010354993479119183	-0.0003934829217772329	0.00016798774034224598
7.604216512526884e-09	-0.01036140808406568	-0.0003965276837406961	0.0001679845669210577
7.613843814814764e-09	-0.010367750207600354	-0.0003995407114922764	0.0001679813109201359
7.622491349491137e-09	-0.010373435468340363	-0.00040224361695315815	0.00016797843242656732
7.633580620463923e-09	-0.010380707014978749	-0.00040570554813617704	0.00016797471633855872
7.641985792271356e-09	-0.010386206542100958	-0.00040832875235710306	0.00016797182604788536
7.651178691332384e-09	-0.010392208154002994	-0.0004111929006462436	0.00016796875880064016
7.66130931691878e-09	-0.010398807737552588	-0.00041434645551007286	0.00016796539662577523
7.670112318756358e-09	-0.010404527728969097	-0.00041708314787907097	0.0001679625181322067
7.680538732950253e-09	-0.010411287375636468	-0.00042032225534683145	0.00016795903798629387
7.695298992516383e-09	-0.01042083076152674	-0.00042490255206386625	0.00016795408320228244
7.704042931716963e-09	-0.010426469211354945	-0.00042761168639607675	0.0001679511575202947
7.713971317710479e-09	-0.010432855125742596	-0.0004306858703388843	0.00016794787792516328
7.724509822623572e-09	-0.010439617037454087	-0.00043394215439121773	0.00016794444496766962
7.731928788427222e-09	-0.010444366079958026	-0.00043623277463392677	0.0001679418967930352
7.7433809219454e-09	-0.010451682172464095	-0.0004397658187646148	0.00016793813351660743
7.751555249786131e-09	-0.010456891018924299	-0.0004422856803475875	0.00016793547916802985
7.762012701718092e-09	-0.010463542698488641	-0.0004455053933750745	0.00016793194003659307
7.77120613575388e-09	-0.010469373677067005	-0.00044833046965315327	0.0001679288609922431
7.780789762419398e-09	-0.01047544097524851	-0.0004512754988927286	0.00016792566397684521
7.791058576322738e-09	-0.010481923531518594	-0.0004544274965387257	0.00016792223101935155
7.803919722584874e-09	-0.010490024084304725	-0.00045836848455302424	0.00016791800765583707
7.814155764018831e-09	-0.010496450769486526	-0.000461500238367203	0.00016791471626360083
7.823232817358542e-09	-0.010502139050285362	-0.00046427666338513113	0.0001679117080018796
7.834626951202644e-09	-0.010509258083953033	-0.0004677556767758847	0.00016790795652255665
7.84233803679819e-09	-0.010514067527633493	-0.0004701054712962163	0.00016790534936239824
7.851869915805305e-09	-0.010519998923167824	-0.00047301246666995125	0.00016790225852094344
7.862385973605433e-09	-0.010526529045364419	-0.00047621217180771584	0.00016789869579529712
7.870235034253939e-09	-0.01053138983004492	-0.00047859844297605563	0.00016789615941776746
7.881620650608674e-09	-0.010538426567109582	-0.0004820562687666078	0.00016789253770659715
7.890551950002971e-09	-0.010543934399393563	-0.0004847659693598482	0.0001678895530390855
7.900605776621394e-09	-0.010550116459810455	-0.0004878091505112697	0.00016788610828448707
7.910516999248229e-09	-0.01055619885828609	-0.0004908134484053059	0.00016788273431251734
7.923998196848026e-09	-0.010564448148969402	-0.0004948861864858903	0.00016787834578953575
7.930259934998747e-09	-0.010568271543443163	-0.0004967766489341497	0.00016787616332514975
7.942298633612575e-09	-0.010575605001287482	-0.0005004100156439651	0.00016787237645451243
7.953262712064445e-09	-0.010582264986013595	-0.0005037107983755635	0.00016786876654044695
7.961796884218451e-09	-0.010587438346782592	-0.0005062776596240164	0.0001678659588295071
7.973708776715265e-09	-0.01059463967705327	-0.0005098588831306635	0.00016786204219071708
7.980406162456058e-09	-0.0105986797607478	-0.0005118680716415214	0.0001678598479292263
7.99175142035897e-09	-0.010605508113753465	-0.0005152701679090494	0.00016785616723253208
8.001114987872487e-09	-0.010611130708272834	-0.0005180738678332501	0.00016785318256502037
8.015293351949259e-09	-0.010619620093632817	-0.0005223152101354817	0.00016784866427388612
8.020952722026084e-09	-0.01062299953945915	-0.0005240067262085761	0.00016784680033132945
8.033279089687057e-09	-0.010630347342582893	-0.0005276820434230218	0.00016784274212728196
8.04490709345927e-09	-0.010637257992191566	-0.0005311501091005311	0.00016783882548849195
8.052582885952328e-09	-0.010641809975857106	-0.0005334335567035283	0.00016783631270517185
8.063703350478626e-09	-0.010648389174009622	-0.0005367412761327426	0.00016783273818242074
8.072255250179285e-09	-0.01065343720233734	-0.0005392811456054378	0.0001678299186743761
8.082317320786334e-09	-0.010659362557754019	-0.000542264633406626	0.0001678265564995112
8.091771211129881e-09	-0.010664916445935096	-0.0005450655964025155	0.0001678235010493708
8.100120330125658e-09	-0.0106698119612921	-0.0005475367595369184	0.0001678207287297453
8.11133863847383e-09	-0.010676373039091658	-0.0005508540110268026	0.00016781716600409899
8.120085643191309e-09	-0.010681479958566484	-0.0005534361613230621	0.0001678141813365873
8.130526984312956e-09	-0.010687557826953879	-0.0005565164797603601	0.00016781086635014154
8.140318644924476e-09	-0.01069324308769389	-0.0005594024762875702	0.0001678077519144772
8.153624754195081e-09	-0.010700948767788517	-0.0005633169915987219	0.00016780343417412437
8.160386628667358e-09	-0.01070485747892411	-0.0005653012646242649	0.0001678013106952623
8.171744337286829e-09	-0.010711407231503075	-0.0005686375330470693	0.00016779755921593936
8.183156880124076e-09	-0.010717966799273221	-0.0005719813044285194	0.00016779390211345467
8.19200315163164e-09	-0.010723042008130373	-0.0005745712408139399	0.00016779105901120047
8.202253048846002e-09	-0.010728906207355825	-0.0005775683660682643	0.0001677876496479164
8.212023595616643e-09	-0.010734484256007513	-0.0005804220857167713	0.00016778446442962334
8.225614876631349e-09	-0.010742223156749227	-0.000584386856694325	0.00016778007590664175
8.231990927741263e-09	-0.010745843452266934	-0.0005862440984954979	0.00016777809399303717
8.243685359217565e-09	-0.010752470971360667	-0.0005896473272850856	0.00016777421274556152
8.250473569393854e-09	-0.010756307956099144	-0.0005916198032058396	0.00016777186512170847
8.263424525174635e-09	-0.010763614988428736	-0.0005953806258357975	0.00016776777152634662
8.274970772046063e-09	-0.010770108869919415	-0.0005987269453918822	0.00016776398465570926
8.28204807476006e-09	-0.010774081002290357	-0.0006007750171601252	0.00016776182578553286
8.293416552346412e-09	-0.01078044728629564	-0.0006040648521784792	0.00016775825126278171
8.302470204515109e-09	-0.010785504374799835	-0.0006066794209186996	0.00016775530198658446
8.311654665278694e-09	-0.01079062412952467	-0.0006093282956396469	0.00016775236450749191
8.322668898270325e-09	-0.010796748808823869	-0.0006125024718426476	0.00016774893154999825
8.330638092550212e-09	-0.010801170174945182	-0.000614797150289404	0.00016774632438983984
8.340313092565897e-09	-0.010806527004287862	-0.0006175790963523736	0.00016774329253390903
8.350525396445756e-09	-0.010812165454116068	-0.0006205102521967169	0.0001677399421561489
8.365207833551181e-09	-0.01082025090660807	-0.0006247232342590351	0.00016773514073449968
8.374209752500141e-09	-0.010825193987891581	-0.0006272963243788166	0.00016773227403803592
8.383585706104397e-09	-0.010830331107954666	-0.0006299773816016289	0.00016772926577631467
8.394516319610895e-09	-0.010836304784312563	-0.0006331016324571617	0.0001677257148477731
8.402177595762703e-09	-0.010840483035698381	-0.0006352883438008874	0.0001677232256586626
8.412665811587303e-09	-0.010846189436850175	-0.0006382763616903145	0.00016771991067221682
8.421878195666563e-09	-0.010851190654266088	-0.000640897536809217	0.0001677169613960195
8.431736928383389e-09	-0.010856531628299929	-0.0006437002457766153	0.00016771391774298393
8.441571325361532e-09	-0.010861845421804338	-0.0006464938473791166	0.00016771090948126269
8.455195216154137e-09	-0.010869187939825133	-0.0006503569273133874	0.00016770646197275716
8.461262550806915e-09	-0.010872447338313133	-0.0006520746801475327	0.00016770439747941903
8.473493742876117e-09	-0.010879008416112692	-0.0006555341575327554	0.00016770068139141043
8.480187365121535e-09	-0.010882590205880371	-0.0006574267906482961	0.00016769861689807235
8.492883150358815e-09	-0.01088936948293011	-0.0006610087219812306	0.00016769454689692005
8.504881332277017e-09	-0.010895756907347174	-0.0006643880262423058	0.00016769074822917793
8.511559513496867e-09	-0.010899304721453057	-0.0006662656534405547	0.0001676885893590015
8.522808446038874e-09	-0.01090526631757565	-0.0006694283156692811	0.00016768496764783125
8.532366288872964e-09	-0.010910319631006313	-0.0006721123929509193	0.00016768194758900518
8.5410918848413e-09	-0.010914921445642484	-0.0006745580271505584	0.00016767923425490367
8.55192345904273e-09	-0.010920623316706037	-0.0006775895999508672	0.0001676758366887244
8.56084334202578e-09	-0.010925306672930511	-0.0006800867639042256	0.00016767295819515582
8.57561385220819e-09	-0.010933038778539865	-0.0006842085779407329	0.00016766826294744975
8.583979162648154e-09	-0.010937408048646432	-0.0006865458675299878	0.0001676654552365099
8.594660691403682e-09	-0.010942971752018695	-0.0006895185963716082	0.00016766210485874978
8.603126028617177e-09	-0.010947373487757638	-0.0006918751860242985	0.000167659462307277
8.61355551261429e-09	-0.010952778638041534	-0.0006947720358879147	0.00016765620630635516
8.623875942510154e-09	-0.01095811885706067	-0.0006976356651044446	0.00016765295030543334
8.630983856018495e-09	-0.010961788228534303	-0.0006996045547053426	0.00016765073244973298
8.643243482737419e-09	-0.010968103171539541	-0.0007029978267384883	0.00016764705175303872
8.650695359488164e-09	-0.01097193109610154	-0.0007050591584525143	0.00016764464514366177
8.661422643912682e-09	-0.010977429113194336	-0.0007080214586535011	0.00016764120038906328
8.671001746839909e-09	-0.010982329158639578	-0.0007106643876336347	0.00016763818033023727
8.680003380567881e-09	-0.010986921158084563	-0.0007131435727992941	0.00016763525464824955
8.690506986711529e-09	-0.010992269682265469	-0.0007160342409800009	0.00016763202224153733
8.70338321803825e-09	-0.010998806599594423	-0.000719571815198928	0.00016762816458827125
8.714533885043687e-09	-0.011004451844554987	-0.0007226304269634138	0.000167624708036568
8.72352799644609e-09	-0.011008994013029343	-0.0007250921524139853	0.00016762192391983773
8.73190290084134e-09	-0.011013213035209314	-0.0007273846601934605	0.0001676193639480985
8.743724466621042e-09	-0.011019155755964244	-0.0007306124424406233	0.00016761564786008993
8.751767919335123e-09	-0.01102319130957053	-0.000732811469961749	0.0001676131350767698
8.760675026204824e-09	-0.011027649671412466	-0.0007352385591126594	0.0001676103745542491
8.772600448696717e-09	-0.011033602962373285	-0.0007384850751622273	0.00016760665846624054
8.780419583429962e-09	-0.01103749657321475	-0.0007406106303147259	0.0001676043226394923
8.795591544244019e-09	-0.01104503313001512	-0.0007447312174523352	0.00016759956840626224
8.800168563788003e-09	-0.011047301194193473	-0.0007459707628467459	0.0001675981881450019
8.813704823973318e-09	-0.011053995154581378	-0.000749636548000522	0.00016759385860754425
8.824577339179859e-09	-0.011059354248968178	-0.0007525777077897266	0.00016759050822978412
8.833031672921535e-09	-0.011063512869971627	-0.0007548613913348195	0.00016758796005514966
8.841915514584392e-09	-0.011067873834916421	-0.0007572558260996733	0.00016758508156158107
8.852523938957026e-09	-0.0110730683360972	-0.000760114830851126	0.00016758181376355446
8.860939977392422e-09	-0.01107717939117414	-0.0007623780346223047	0.0001675793127773392
8.871699953684343e-09	-0.011082425988369669	-0.0007652713925429033	0.00016757605677641734
8.880788947075544e-09	-0.011086844334432156	-0.0007677105619291178	0.00016757317828284881
8.891007478185721e-09	-0.011091801760995093	-0.0007704486699506907	0.00016757005205007963
8.900444869053343e-09	-0.011096370354984179	-0.0007729771198259498	0.00016756723254203503
8.914598920279003e-09	-0.011103202483063375	-0.0007767567234467322	0.00016756287941036783
8.923682977518686e-09	-0.011107574018214059	-0.0007791834822787085	0.00016755998911969447
8.93378459366573e-09	-0.011112425742718085	-0.0007818754872147652	0.00016755696906086844
8.943476596283263e-09	-0.011117067573133698	-0.0007844536264953965	0.0001675539372049376
8.95158654702477e-09	-0.011120945328666329	-0.0007866110810192449	0.00016755151879845582
8.963469513052066e-09	-0.011126612469053382	-0.0007897655324630381	0.00016754795607280948
8.970421228289558e-09	-0.011129920188482597	-0.0007916081458542725	0.00016754587978236657
8.981994344609656e-09	-0.011135413675487153	-0.0007946761009257514	0.00016754229346251066
8.990541541058716e-09	-0.011139462819358159	-0.0007969336892750506	0.00016753958012840915
9.000344517716816e-09	-0.011144095589597298	-0.0007995231065878604	0.00016753665444642143
9.010048379633685e-09	-0.011148669468689327	-0.0008020856265017508	0.00016753358719917623
9.024901372606708e-09	-0.011155651844695117	-0.0008059973576961721	0.00016752909250225157
9.033983793700508e-09	-0.011159908617610414	-0.0008083859410970506	0.00016752627299420695
9.04320110520733e-09	-0.011164219751584579	-0.0008108067069997938	0.00016752348887747668
9.054086586954707e-09	-0.011169299490529968	-0.0008136625501271629	0.0001675203154562884
9.062162962566914e-09	-0.011173058708753675	-0.0008157769688127405	0.00016751787345559705
9.071832529567953e-09	-0.01117754953622799	-0.0008183072118479275	0.00016751500675913324
9.081970940289677e-09	-0.011182247992746593	-0.0008209566528299047	0.0001675119159176785
9.090057074343823e-09	-0.011185987580587928	-0.0008230678627029796	0.00016750943852567276
9.101318690582447e-09	-0.011191182836783416	-0.0008260019442293106	0.0001675061353363318
9.110039189416725e-09	-0.011195196494963216	-0.0008282734059738418	0.00016750352817617334
9.120857052049305e-09	-0.011200162981702629	-0.000831085363871395	0.00016750029576946112
9.130030825346838e-09	-0.011204365393559056	-0.0008334687565461662	0.00016749741727589256
9.144269598271506e-09	-0.011210869090240922	-0.0008371599290694488	0.0001674930995355397
9.153346662140068e-09	-0.011215003550773765	-0.000839506326023601	0.00016749036260722862
9.16321853641665e-09	-0.011219490603174545	-0.0008420576150937321	0.00016748731895419302
9.173262688009903e-09	-0.0112240440968695	-0.0008446506187263978	0.00016748432248957657
9.181224939542625e-09	-0.011227646272034252	-0.0008467041643512632	0.0001674819866628283
9.192788749014293e-09	-0.01123286493368564	-0.0008496809042085118	0.00016747865987927772
9.200210250587773e-09	-0.011236208138806058	-0.0008515890151255357	0.00016747645382068216
9.211648741277514e-09	-0.01124134601388385	-0.0008545268717253993	0.00016747311524002682
9.224520181417519e-09	-0.011247112061197457	-0.0008578275128917403	0.00016746929297807513
9.230141557187396e-09	-0.011249624750140718	-0.000859266382168669	0.0001674675706007759
9.24312104831618e-09	-0.01125541344789552	-0.0008625849549342896	0.00016746359497646194
9.254452645380803e-09	-0.011260451661032051	-0.0008654776994054392	0.00016746027999001617
9.263761766370022e-09	-0.01126458234649136	-0.0008678511825121874	0.0001674575194674955
9.272689348557715e-09	-0.011268532583435815	-0.0008701264193302514	0.0001674548769160227
9.283626559576917e-09	-0.011273361657498643	-0.0008729044015660116	0.00016745175068325356
9.292088111061658e-09	-0.011277088410089972	-0.0008750552497111782	0.00016744913172599037
9.301102685727668e-09	-0.011281052237299142	-0.0008773403017204265	0.0001674464773774128
9.311504630834087e-09	-0.011285614036155866	-0.0008799755861766568	0.00016744329215911973
9.320007185413088e-09	-0.011289333993614835	-0.0008821270949596916	0.00016744075578159004
9.330761769242966e-09	-0.011294029430074612	-0.0008848431659895182	0.00016743762954882091
9.344947629341291e-09	-0.011300205450373853	-0.0008884213694373394	0.0001674334533737255
9.35079247978725e-09	-0.011302740789758308	-0.0008898937424918694	0.00016743176638774068
9.36286987711803e-09	-0.011307974551703825	-0.000892931166656154	0.00016742820366209436
9.373987026994064e-09	-0.01131277720025193	-0.0008957246266933976	0.00016742493586406775
9.382739721456235e-09	-0.011316550008740352	-0.0008979185106768352	0.0001674224466749572
9.393254049573738e-09	-0.011321071791817633	-0.0009005514357121075	0.0001674191788769306
9.402939106991387e-09	-0.011325227392762257	-0.0009029747497894852	0.00016741641835440994
9.410615254075345e-09	-0.011328513216764981	-0.0009048907883609277	0.00016741420049870957
9.423144149805325e-09	-0.011333862495960596	-0.0009080178705216099	0.0001674105198020153
9.434347980192942e-09	-0.011338634943920439	-0.0009108079329926744	0.00016740727559819832
9.441016558804277e-09	-0.011341467004084551	-0.000912467927201772	0.00016740528188748894
9.45036485211042e-09	-0.011345430831293721	-0.0009147910130768608	0.00016740255675628263
9.464776543853432e-09	-0.011351526820034073	-0.0009183667627268858	0.00016739862832038782
9.47026416884194e-09	-0.011353841695124229	-0.0009197274879816909	0.0001673970239141365
9.482620805482295e-09	-0.011359043746452073	-0.0009227838818904764	0.00016739350837690928
9.494455708490783e-09	-0.011364011743220898	-0.0009257031462531921	0.00016739000463678692
9.501640820093818e-09	-0.011367020476826337	-0.0009274785633355472	0.00016738786936082006
9.513175223279015e-09	-0.011371839735697982	-0.0009303209105750374	0.00016738448359174556
9.521481292693996e-09	-0.011375301478127325	-0.0009323633197329817	0.00016738213596789253
9.53168033112251e-09	-0.011379543150748489	-0.0009348687416596923	0.0001673791041119617
9.541250182718102e-09	-0.011383514528104726	-0.0009372165542664193	0.0001673762846039171
9.555994027802584e-09	-0.011389615046933315	-0.0009408298658980932	0.0001673720140519834
9.560746462130777e-09	-0.011391577330155531	-0.0009419931548071463	0.00016737076355887573
9.574217678999934e-09	-0.011397122913174837	-0.000945281998868698	0.00016736685871719052
9.58521921774069e-09	-0.011401642431207998	-0.0009479639054830551	0.0001673636145133735
9.593505447576536e-09	-0.011405036222313753	-0.0009499841360839956	0.0001673613848605683
9.602716481334432e-09	-0.011408802990684525	-0.0009522242647182068	0.00016735870691778117
9.613072224961994e-09	-0.011413026542952736	-0.0009547382749372041	0.00016735571045316472
9.621419277576922e-09	-0.011416421844087905	-0.0009567652062936649	0.00016735341001773084
9.632370999592598e-09	-0.011420867370679827	-0.0009594175729576298	0.0001673502601907521
9.641116890733343e-09	-0.011424409899682766	-0.0009615361442240931	0.00016734778279874638
9.652260413664052e-09	-0.011428912807392383	-0.0009642245628402939	0.00016734456218913893
9.6645180628278e-09	-0.011433851358587658	-0.0009671809173004667	0.0001673410820432261
9.670981282742872e-09	-0.011436449364192754	-0.0009687371913642577	0.00016733931247750773
9.684278360272023e-09	-0.011441781278050117	-0.0009719357167915434	0.00016733546662134647
9.694874939739078e-09	-0.011446019930612459	-0.0009744805882366691	0.00016733247015673
9.700234182989425e-09	-0.01144815813226129	-0.000975768360195458	0.00016733098372152656
9.712168356146016e-09	-0.011452911704853469	-0.000978624769583857	0.00016732765693797602
9.723039129316445e-09	-0.011457230388974698	-0.000981224285218366	0.00016732454250231165
9.732591769892196e-09	-0.011461015277698425	-0.000983504618385699	0.0001673217583855814
9.741965427302073e-09	-0.011464721644892676	-0.0009857408775695393	0.00016731918661673736
9.751646804094993e-09	-0.011468538999248785	-0.0009880463149758636	0.00016731652047105502
9.760865907586215e-09	-0.011472167599928265	-0.0009902401989593012	0.00016731388971668703
9.770854239940648e-09	-0.01147608914631387	-0.000992612360790313	0.00016731108200574717
9.78464589383983e-09	-0.01148148901149482	-0.0009958815744694955	0.00016730704739590928
9.794733449058693e-09	-0.011485426413189264	-0.0009982690253483141	0.00016730421609075985
9.803410491666506e-09	-0.011488806614030305	-0.0010003225709731794	0.00016730184487269724
9.813648456893467e-09	-0.011492784786518896	-0.0010027393730487136	0.00016729894278491909
9.822911287449203e-09	-0.011496374881448347	-0.0010049214599273618	0.000167296430001599
9.832132227579379e-09	-0.011499940815907187	-0.0010070942978758555	0.00016729377565302144
9.841988255060933e-09	-0.011503744579998578	-0.0010094108717491007	0.00016729103872471034
9.851655578561008e-09	-0.011507468312531077	-0.0010116800684495126	0.0001672883489848184
9.8603344494835e-09	-0.011510801702460313	-0.0010137170981276728	0.00016728589518702223
9.870793339517152e-09	-0.011514810830551874	-0.0010161662714587485	0.0001672831228673968
9.880500399891858e-09	-0.011518520972819657	-0.0010184331087382027	0.0001672804685188192
9.894089736518113e-09	-0.01152370188373572	-0.001021607190564365	0.00016727668164818189
9.903842382724105e-09	-0.011527411270988799	-0.001023881294860369	0.00016727400370539474
9.913386095254278e-09	-0.0115310308114918	-0.0010261006605901512	0.00016727138474813153
9.922834559576961e-09	-0.011534607316156532	-0.0010282961489798401	0.00016726873039955397
9.931933472550813e-09	-0.011538042633071146	-0.0010304086801286513	0.00016726624121044345
9.94257908087124e-09	-0.011542054026206828	-0.0010328765400737132	0.0001672633391226653
9.950857377140874e-09	-0.011545163931782936	-0.0010347912573694191	0.00016726115665827932
9.960852175633221e-09	-0.011548911824786044	-0.0010371016023713357	0.0001672584433241778
9.971455003240902e-09	-0.011552878672054042	-0.0010395483219046153	0.00016725555303350443
9.9840477129898e-09	-0.011557574863528524	-0.0010424514478279794	0.00016725201390206765
9.990260870935476e-09	-0.011559888228589266	-0.0010438792750148255	0.00016725026793055887
1.0003404482973217e-08	-0.01156476864365214	-0.0010469011270007882	0.00016724644566860718
